-0.001221
0.001906
0.004696
0.000610
-0.000384
0.002547
0.000732
0.004698
0.005975
0.000593
-0.000460
0.005401
-0.001269
-0.001665
0.003779
-0.000829
0.001441
0.005463
0.001871
0.001478
0.006533
-0.000207
0.000030
0.002926
0.000834
0.003410
0.003955
0.000525
-0.002035
0.000516
-0.002257
0.001793
0.003038
0.003178
0.003371
0.003721
0.001418
0.001710
0.001299
0.002928
-0.000573
0.000631
-0.000038
0.001367
0.003151
-0.002445
0.001161
0.003537
0.000029
-0.000212
-0.000371
0.000475
0.000353
-0.000608
-0.000175
0.000093
0.000901
0.000023
0.000219
0.000062
-0.000302
0.000935
-0.000440
0.003073
-0.003019
0.001464
-0.002156
-0.002062
-0.000606
0.000246
-0.001620
0.000843
0.003921
-0.000112
0.001698
0.000510
0.002448
-0.000057
0.004996
0.003093
0.000788
0.003695
0.000455
0.000131
0.000193
-0.004175
0.000710
-0.002183
-0.004992
-0.005782
-0.004125
-0.000775
-0.000964
0.000343
-0.000707
-0.000775
-0.003750
-0.001245
-0.002759
-0.003059
-0.004757
-0.001672
-0.000891
0.002827
-0.003215
-0.001336
0.002709
0.001601
-0.002184
-0.000148
-0.001015
-0.005287
